<?xml version="1.0"?>
<opencv_storage>
<camera_matrix type_id="opencv-matrix">
  <rows>3</rows>
  <cols>3</cols>
  <dt>d</dt>
  <data>
    6.4000150729695315e+02 0. 6.3999351159059768e+02 0.
    6.4000351805168907e+02 3.5999630087320588e+02 0. 0. 1.</data></camera_matrix>
<distortion_coefficients type_id="opencv-matrix">
  <rows>1</rows>
  <cols>5</cols>
  <dt>d</dt>
  <data>
    -1.4367601957888285e-05 3.6957577901977363e-05
    -1.5217586822753173e-07 -3.8363067164419880e-06
    -2.5885783292473855e-05</data></distortion_coefficients>
</opencv_storage>
